import numpy as np


def get_poses():
    matrices = np.array([[[1., 0., 0., 0.],
                          [0., 1., 0., 0.],
                          [0., 0., 1., 0.],
                          [0., 0., 0., 1.]], [[9.99992007e-01, 1.27299833e-04, -3.99633789e-03,
                                               -1.83122935e-02],
                                              [-1.31048490e-04, 9.99999552e-01, -9.37775017e-04,
                                               -9.78511708e-03],
                                              [3.99621672e-03, 9.38291235e-04, 9.99991575e-01,
                                               -1.45912068e-01],
                                              [0.00000000e+00, 0.00000000e+00, 0.00000000e+00,
                                               1.00000000e+00]], [[9.99992682e-01, 3.20501857e-04, -3.81216714e-03,
                                                                   -2.58289943e-02],
                                                                  [-3.30249694e-04, 9.99996677e-01, -2.55667852e-03,
                                                                   -6.85189963e-03],
                                                                  [3.81133505e-03, 2.55791878e-03, 9.99989465e-01,
                                                                   -1.76503722e-01],
                                                                  [0.00000000e+00, 0.00000000e+00, 0.00000000e+00,
                                                                   1.00000000e+00]],
                         [[9.99944809e-01, 8.58822089e-04, -1.04710144e-02,
                           -6.04512376e-02],
                          [-8.70346812e-04, 9.99999021e-01, -1.09612390e-03,
                           -9.95759587e-03],
                          [1.04700628e-02, 1.10517682e-03, 9.99944577e-01,
                           -3.74778784e-01],
                          [0.00000000e+00, 0.00000000e+00, 0.00000000e+00,
                           1.00000000e+00]], [[9.99944447e-01, 1.52770193e-03, -1.04292558e-02,
                                               -6.49422968e-02],
                                              [-1.53478703e-03, 9.99998597e-01, -6.71378795e-04,
                                               -1.05096506e-02],
                                              [1.04282155e-02, 6.87348184e-04, 9.99945388e-01,
                                               -3.97631219e-01],
                                              [0.00000000e+00, 0.00000000e+00, 0.00000000e+00,
                                               1.00000000e+00]], [[9.99943762e-01, 1.04611526e-03, -1.05535942e-02,
                                                                   -6.58468136e-02],
                                                                  [-1.04936657e-03, 9.99999404e-01, -3.02542821e-04,
                                                                   -1.11526675e-02],
                                                                  [1.05532714e-02, 3.13600396e-04, 9.99944264e-01,
                                                                   -4.21445726e-01],
                                                                  [0.00000000e+00, 0.00000000e+00, 0.00000000e+00,
                                                                   1.00000000e+00]],
                         [[0.99994283, 0.00189373, -0.01052339, -0.06949502],
                          [-0.00187383, 0.99999644, 0.00190087, -0.00992317],
                          [0.01052695, -0.00188104, 0.99994282, -0.48056309],
                          [0., 0., 0., 1.]], [[9.99943664e-01, 9.22757916e-04, -1.05743885e-02,
                                               -7.13495743e-02],
                                              [-8.68636542e-04, 9.99986507e-01, 5.12160670e-03,
                                               -1.35219173e-02],
                                              [1.05789718e-02, -5.11213287e-03, 9.99930973e-01,
                                               -5.38632529e-01],
                                              [0.00000000e+00, 0.00000000e+00, 0.00000000e+00,
                                               1.00000000e+00]], [[9.99942188e-01, 8.50091200e-04, -1.07190640e-02,
                                                                   -6.88042375e-02],
                                                                  [-7.96776809e-04, 9.99987297e-01, 4.97708156e-03,
                                                                   -1.64972130e-02],
                                                                  [1.07231588e-02, -4.96825312e-03, 9.99930163e-01,
                                                                   -5.84561668e-01],
                                                                  [0.00000000e+00, 0.00000000e+00, 0.00000000e+00,
                                                                   1.00000000e+00]],
                         [[0.99994166, 0.00224826, -0.01056558, -0.06450419],
                          [-0.00222447, 0.99999496, 0.00226378, -0.01414615],
                          [0.01057062, -0.00224015, 0.99994162, -0.68211361],
                          [0., 0., 0., 1.]], [[0.9999538, 0.00199645, -0.0094032, -0.05076483],
                                              [-0.00196782, 0.9999934, 0.00305262, -0.02381434],
                                              [0.00940923, -0.00303398, 0.99995113, -0.78201584],
                                              [0., 0., 0., 1.]], [[0.99998188, 0.00247382, -0.00548775, -0.04036697],
                                                                  [-0.00246796, 0.99999638, 0.00107409, -0.02868681],
                                                                  [0.00549039, -0.00106053, 0.99998437, -0.88163098],
                                                                  [0., 0., 0., 1.]],
                         [[0.99999131, 0.00325584, -0.0026024, -0.03072158],
                          [-0.00326198, 0.9999919, -0.00235862, -0.02584436],
                          [0.0025947, 0.00236709, 0.99999383, -0.96325702],
                          [0., 0., 0., 1.]], [[0.99999135, 0.0031641, 0.00269848, -0.02017489],
                                              [-0.00315404, 0.9999881, -0.00372173, -0.0244056],
                                              [-0.00271022, 0.00371319, 0.99998943, -1.09710112],
                                              [0., 0., 0., 1.]], [[0.99999135, 0.00375609, 0.00178398, 0.0040305],
                                                                  [-0.00374619, 0.99997771, -0.00552615, -0.01378873],
                                                                  [-0.0018047, 0.00551942, 0.99998314, -1.22073087],
                                                                  [0., 0., 0., 1.]],
                         [[0.99999582, 0.00246565, 0.00151028, 0.02021888],
                          [-0.00246297, 0.9999954, -0.00177142, -0.01364873],
                          [-0.00151464, 0.00176769, 0.99999729, -1.38350948],
                          [0., 0., 0., 1.]], [[0.99996525, 0.00407483, 0.00727241, 0.01317638],
                                              [-0.00409244, 0.99998873, 0.00240852, -0.01964495],
                                              [-0.00726251, -0.0024382, 0.99997066, -1.53888543],
                                              [0., 0., 0., 1.]], [[9.99930373e-01, 4.66968491e-03, 1.08370806e-02,
                                                                   1.75606580e-03],
                                                                  [-4.67734138e-03, 9.99988829e-01, 6.81269223e-04,
                                                                   -1.80043900e-02],
                                                                  [-1.08337782e-02, -7.31910514e-04, 9.99941045e-01,
                                                                   -1.71500329e+00],
                                                                  [0.00000000e+00, 0.00000000e+00, 0.00000000e+00,
                                                                   1.00000000e+00]],
                         [[0.99985165, 0.00494318, 0.01649954, -0.02691479],
                          [-0.00486471, 0.99997668, -0.0047927, -0.01462643],
                          [-0.01652285, 0.00471173, 0.99985239, -1.94291418],
                          [0., 0., 0., 1.]], [[0.99977919, 0.00525201, 0.02034689, -0.06504514],
                                              [-0.00517696, 0.99997961, -0.00373933, -0.01380184],
                                              [-0.02036611, 0.00363317, 0.99978599, -2.18711556],
                                              [0., 0., 0., 1.]], [[0.99966613, 0.0066258, 0.0249745, -0.08986044],
                                                                  [-0.00671307, 0.99997164, 0.00341233, -0.02844983],
                                                                  [-0.02495118, -0.00357885, 0.99968226, -2.40736121],
                                                                  [0., 0., 0., 1.]],
                         [[0.99934585, 0.00612444, 0.03564229, -0.11580219],
                          [-0.00630081, 0.99996845, 0.00483814, -0.03728922],
                          [-0.03561154, -0.00505955, 0.9993529, -2.63158956],
                          [0., 0., 0., 1.]], [[0.99901424, 0.00725427, 0.04379412, -0.12048415],
                                              [-0.00743063, 0.99996492, 0.0038657, -0.0668421],
                                              [-0.04376454, -0.0041873, 0.9990331, -2.8753012],
                                              [0., 0., 0., 1.]], [[0.99841, 0.00797954, 0.05580142, -0.12386442],
                                                                  [-0.00750994, 0.99993465, -0.00862011, -0.02494359],
                                                                  [-0.05586655, 0.00818734, 0.99840468, -3.13153601],
                                                                  [0., 0., 0., 1.]],
                         [[9.97727373e-01, 2.91677506e-03, 6.73170303e-02,
                           -1.40181352e-01],
                          [-2.49942748e-03, 9.99977137e-01, -6.28312264e-03,
                           -1.67078397e-02],
                          [-6.73338177e-02, 6.10058940e-03, 9.97711852e-01,
                           -3.44991536e+00],
                          [0.00000000e+00, 0.00000000e+00, 0.00000000e+00,
                           1.00000000e+00]], [[9.97285829e-01, 2.67938134e-03, 7.35785034e-02,
                                               -1.59564880e-01],
                                              [-2.57726304e-03, 9.99995580e-01, -1.48279157e-03,
                                               -1.65262205e-02],
                                              [-7.35821511e-02, 1.28913587e-03, 9.97288326e-01,
                                               -3.63793292e+00],
                                              [0.00000000e+00, 0.00000000e+00, 0.00000000e+00,
                                               1.00000000e+00]], [[9.96830794e-01, 2.07934558e-03, 7.95238631e-02,
                                                                   -1.83354977e-01],
                                                                  [-2.04442472e-03, 9.99997775e-01, -5.20541143e-04,
                                                                   -2.14429852e-02],
                                                                  [-7.95247686e-02, 3.56310889e-04, 9.96832827e-01,
                                                                   -3.68314871e+00],
                                                                  [0.00000000e+00, 0.00000000e+00, 0.00000000e+00,
                                                                   1.00000000e+00]],
                         [[9.96343352e-01, 1.41746953e-03, 8.54278397e-02,
                           -2.08881134e-01],
                          [-1.37188946e-03, 9.99998884e-01, -5.92254257e-04,
                           -1.76751404e-02],
                          [-8.54285838e-02, 4.72891039e-04, 9.96344184e-01,
                           -3.71517382e+00],
                          [0.00000000e+00, 0.00000000e+00, 0.00000000e+00,
                           1.00000000e+00]], [[9.93700100e-01, -3.70433244e-03, 1.12010663e-01,
                                               -3.27485556e-01],
                                              [3.74402829e-03, 9.99992981e-01, -1.44047419e-04,
                                               -4.13141474e-02],
                                              [-1.12009343e-01, 5.62511027e-04, 9.93706994e-01,
                                               -3.96187560e+00],
                                              [0.00000000e+00, 0.00000000e+00, 0.00000000e+00,
                                               1.00000000e+00]], [[9.91272139e-01, -7.17829687e-03, 1.31635930e-01,
                                                                   -4.38892741e-01],
                                                                  [7.35388962e-03, 9.99972600e-01, -8.47836255e-04,
                                                                   -5.52543393e-02],
                                                                  [-1.31626238e-01, 1.80847256e-03, 9.91297767e-01,
                                                                   -4.21414728e+00],
                                                                  [0.00000000e+00, 0.00000000e+00, 0.00000000e+00,
                                                                   1.00000000e+00]],
                         [[9.87891033e-01, -7.89350538e-03, 1.54948378e-01,
                           -5.39679316e-01],
                          [7.46460463e-03, 9.99966529e-01, 3.34966525e-03,
                           -6.48877731e-02],
                          [-1.54969632e-01, -2.15247588e-03, 9.87916889e-01,
                           -4.48829600e+00],
                          [0.00000000e+00, 0.00000000e+00, 0.00000000e+00,
                           1.00000000e+00]], [[9.81456402e-01, -5.93625277e-03, 1.91593557e-01,
                                               -6.98766204e-01],
                                              [6.05397356e-03, 9.99981674e-01, -2.90569783e-05,
                                               -4.76663891e-02],
                                              [-1.91589874e-01, 1.18842049e-03, 9.81474354e-01,
                                               -4.68695658e+00],
                                              [0.00000000e+00, 0.00000000e+00, 0.00000000e+00,
                                               1.00000000e+00]], [[0.97051319, -0.00490029, 0.24099819, -0.91464037],
                                                                  [0.00840464, 0.99987334, -0.0135152, 0.01570541],
                                                                  [-0.24090144, 0.01514218, 0.97043146, -4.86957121],
                                                                  [0., 0., 0., 1.]],
                         [[9.52990285e-01, -4.44962225e-03, 3.02968180e-01,
                           -1.22509353e+00],
                          [1.02687240e-02, 9.99792081e-01, -1.76166920e-02,
                           4.21875792e-02],
                          [-3.02826800e-01, 1.98996330e-02, 9.52837832e-01,
                           -5.02675723e+00],
                          [0.00000000e+00, 0.00000000e+00, 0.00000000e+00,
                           1.00000000e+00]], [[9.29025272e-01, -4.38882330e-03, 3.69990245e-01,
                                               -1.61724695e+00],
                                              [9.18036630e-03, 9.99895240e-01, -1.11906431e-02,
                                               5.10545024e-03],
                                              [-3.69902371e-01, 1.37930362e-02, 9.28968238e-01,
                                               -5.12507573e+00],
                                              [0.00000000e+00, 0.00000000e+00, 0.00000000e+00,
                                               1.00000000e+00]], [[9.01019629e-01, -3.81342685e-03, 4.33761555e-01,
                                                                   -1.99858626e+00],
                                                                  [1.05185614e-02, 9.99859400e-01, -1.30591095e-02,
                                                                   9.06787991e-03],
                                                                  [-4.33650768e-01, 1.63290615e-02, 9.00933057e-01,
                                                                   -5.18826762e+00],
                                                                  [0.00000000e+00, 0.00000000e+00, 0.00000000e+00,
                                                                   1.00000000e+00]],
                         [[8.69376965e-01, -2.56201114e-03, 4.94142823e-01,
                           -2.41223820e+00],
                          [1.32778008e-02, 9.99746616e-01, -1.81770366e-02,
                           2.90369804e-02],
                          [-4.93971045e-01, 2.23638268e-02, 8.69190696e-01,
                           -5.25940482e+00],
                          [0.00000000e+00, 0.00000000e+00, 0.00000000e+00,
                           1.00000000e+00]], [[8.32019050e-01, -3.62079113e-03, 5.54735243e-01,
                                               -2.86874787e+00],
                                              [1.59614228e-02, 9.99720945e-01, -1.74144824e-02,
                                               2.51166348e-03],
                                              [-5.54517388e-01, 2.33435449e-02, 8.31844664e-01,
                                               -5.27843502e+00],
                                              [0.00000000e+00, 0.00000000e+00, 0.00000000e+00,
                                               1.00000000e+00]], [[7.91010364e-01, -4.89399986e-03, 6.11783175e-01,
                                                                   -3.30834714e+00],
                                                                  [2.22228261e-02, 9.99537948e-01, -2.07373260e-02,
                                                                   6.43985938e-02],
                                                                  [-6.11399010e-01, 2.99989909e-02, 7.90753635e-01,
                                                                   -5.24349105e+00],
                                                                  [0.00000000e+00, 0.00000000e+00, 0.00000000e+00,
                                                                   1.00000000e+00]],
                         [[7.51880335e-01, -4.28930750e-03, 6.59285647e-01,
                           -3.73871393e+00],
                          [2.07142096e-02, 9.99638852e-01, -1.71198151e-02,
                           2.92846032e-02],
                          [-6.58974115e-01, 2.65286334e-02, 7.51697644e-01,
                           -5.18251295e+00],
                          [0.00000000e+00, 0.00000000e+00, 0.00000000e+00,
                           1.00000000e+00]], [[7.11224835e-01, -3.71726726e-03, 7.02954776e-01,
                                               -4.08092816e+00],
                                              [2.38526867e-02, 9.99537800e-01, -1.88476905e-02,
                                               4.53684419e-02],
                                              [-7.02559808e-01, 3.01723056e-02, 7.10984773e-01,
                                               -5.09311265e+00],
                                              [0.00000000e+00, 0.00000000e+00, 0.00000000e+00,
                                               1.00000000e+00]], [[6.67002263e-01, -2.31758289e-03, 7.45052085e-01,
                                                                   -4.42483692e+00],
                                                                  [2.80655317e-02, 9.99363591e-01, -2.20168033e-02,
                                                                   4.05438131e-02],
                                                                  [-7.44526902e-01, 3.55955405e-02, 6.66642821e-01,
                                                                   -4.98736077e+00],
                                                                  [0.00000000e+00, 0.00000000e+00, 0.00000000e+00,
                                                                   1.00000000e+00]],
                         [[6.31871746e-01, -2.47446900e-03, 7.75069012e-01,
                           -4.68880905e+00],
                          [3.09369940e-02, 9.99278509e-01, -2.20309785e-02,
                           4.41108642e-02],
                          [-7.74455292e-01, 3.78990582e-02, 6.31492409e-01,
                           -4.89737775e+00],
                          [0.00000000e+00, 0.00000000e+00, 0.00000000e+00,
                           1.00000000e+00]], [[5.95441286e-01, -2.84860563e-03, 8.03393776e-01,
                                               -4.94810294e+00],
                                              [3.38677549e-02, 9.99193779e-01, -2.15584823e-02,
                                               3.51448550e-02],
                                              [-8.02684651e-01, 4.00459540e-02, 5.95057705e-01,
                                               -4.77692031e+00],
                                              [0.00000000e+00, 0.00000000e+00, 0.00000000e+00,
                                               1.00000000e+00]], [[5.57911457e-01, -4.44935038e-03, 8.29888553e-01,
                                                                   -5.20492973e+00],
                                                                  [3.58338192e-02, 9.99182170e-01, -1.87331017e-02,
                                                                   2.31584972e-02],
                                                                  [-8.29126494e-01, 4.01894884e-02, 5.57614617e-01,
                                                                   -4.63737181e+00],
                                                                  [0.00000000e+00, 0.00000000e+00, 0.00000000e+00,
                                                                   1.00000000e+00]],
                         [[5.18438830e-01, -6.51911193e-03, 8.55089867e-01,
                           -5.46589521e+00],
                          [3.71907520e-02, 9.99196636e-01, -1.49308929e-02,
                           -2.31538771e-04],
                          [-8.54305582e-01, 3.95421899e-02, 5.18264785e-01,
                           -4.48004387e+00],
                          [0.00000000e+00, 0.00000000e+00, 0.00000000e+00,
                           1.00000000e+00]], [[0.47872425, -0.00877934, 0.87792142, -5.7274093],
                                              [0.04244431, 0.99901223, -0.01315431, 0.00644221],
                                              [-0.87693875, 0.04356006, 0.47862402, -4.31202261],
                                              [0., 0., 0., 1.]], [[0.43819425, -0.01080113, 0.8988154, -5.98147389],
                                                                  [0.04259808, 0.99905387, -0.0087619, -0.03889266],
                                                                  [-0.89787037, 0.04212722, 0.43823977, -4.15692069],
                                                                  [0., 0., 0., 1.]],
                         [[0.39715259, -0.01099582, 0.91768672, -6.24210406],
                          [0.04443032, 0.99898612, -0.00725841, -0.05783623],
                          [-0.91667648, 0.04365581, 0.39723848, -3.97524564],
                          [0., 0., 0., 1.]], [[3.53827316e-01, -1.15395725e-02, 9.35239578e-01,
                                               -6.52792434e+00],
                                              [4.93435296e-02, 9.98761714e-01, -6.34469028e-03,
                                               -5.81672579e-02],
                                              [-9.34008269e-01, 4.83929465e-02, 3.53958580e-01,
                                               -3.76820917e+00],
                                              [0.00000000e+00, 0.00000000e+00, 0.00000000e+00,
                                               1.00000000e+00]], [[2.97938600e-01, -1.18510662e-02, 9.54511468e-01,
                                                                   -6.86374078e+00],
                                                                  [5.13570779e-02, 9.98673753e-01, -3.63107961e-03,
                                                                   -6.84672827e-02],
                                                                  [-9.53202519e-01, 5.01027587e-02, 2.98152096e-01,
                                                                   -3.50048597e+00],
                                                                  [0.00000000e+00, 0.00000000e+00, 0.00000000e+00,
                                                                   1.00000000e+00]],
                         [[2.57609276e-01, -1.01325285e-02, 9.66196043e-01,
                           -7.09561307e+00],
                          [5.17680975e-02, 9.98653582e-01, -3.32961024e-03,
                           -7.21962304e-02],
                          [-9.64861402e-01, 5.08758694e-02, 2.57786968e-01,
                           -3.29628293e+00],
                          [0.00000000e+00, 0.00000000e+00, 0.00000000e+00,
                           1.00000000e+00]], [[2.20843065e-01, -9.04776916e-03, 9.75267388e-01,
                                               -7.30257942e+00],
                                              [5.22334942e-02, 9.98631609e-01, -2.56341669e-03,
                                               -7.29621067e-02],
                                              [-9.73909648e-01, 5.15077363e-02, 2.21013462e-01,
                                               -3.12395200e+00],
                                              [0.00000000e+00, 0.00000000e+00, 0.00000000e+00,
                                               1.00000000e+00]], [[1.94250081e-01, -7.74141583e-03, 9.80921494e-01,
                                                                   -7.45123616e+00],
                                                                  [5.39207505e-02, 9.98541300e-01, -2.79735610e-03,
                                                                   -8.13097334e-02],
                                                                  [-9.79468968e-01, 5.34354098e-02, 1.94384151e-01,
                                                                   -3.02671434e+00],
                                                                  [0.00000000e+00, 0.00000000e+00, 0.00000000e+00,
                                                                   1.00000000e+00]],
                         [[1.76913159e-01, -6.09664118e-03, 9.84207582e-01,
                           -7.55689613e+00],
                          [5.95969872e-02, 9.98212244e-01, -4.52927762e-03,
                           -6.11291150e-02],
                          [-9.82420446e-01, 5.94570955e-02, 1.76960223e-01,
                           -3.02932440e+00],
                          [0.00000000e+00, 0.00000000e+00, 0.00000000e+00,
                           1.00000000e+00]], [[1.61762862e-01, -4.73472166e-03, 9.86818301e-01,
                                               -7.65922960e+00],
                                              [6.30056057e-02, 9.97997798e-01, -5.53974858e-03,
                                               -5.79887420e-02],
                                              [-9.84816262e-01, 6.30712104e-02, 1.61737294e-01,
                                               -3.05257601e+00],
                                              [0.00000000e+00, 0.00000000e+00, 0.00000000e+00,
                                               1.00000000e+00]], [[1.49345941e-01, -3.62332086e-03, 9.88778368e-01,
                                                                   -7.74153011e+00],
                                                                  [7.00093217e-02, 9.97522342e-01, -6.91890590e-03,
                                                                   -3.62798435e-02],
                                                                  [-9.86303445e-01, 7.02570134e-02, 1.49229579e-01,
                                                                   -3.11697582e+00],
                                                                  [0.00000000e+00, 0.00000000e+00, 0.00000000e+00,
                                                                   1.00000000e+00]],
                         [[1.35149556e-01, -1.71612607e-03, 9.90823724e-01,
                           -7.83021070e+00],
                          [7.41349757e-02, 9.97212966e-01, -8.38490808e-03,
                           -1.43966965e-02],
                          [-9.88047875e-01, 7.45879093e-02, 1.34900114e-01,
                           -3.22442678e+00],
                          [0.00000000e+00, 0.00000000e+00, 0.00000000e+00,
                           1.00000000e+00]], [[1.19448389e-01, -2.19323679e-05, 9.92840411e-01,
                                               -7.94249300e+00],
                                              [7.57724937e-02, 9.97083660e-01, -9.09414419e-03,
                                               2.47552870e-02],
                                              [-9.89944752e-01, 7.63162746e-02, 1.19101698e-01,
                                               -3.22556550e+00],
                                              [0.00000000e+00, 0.00000000e+00, 0.00000000e+00,
                                               1.00000000e+00]], [[1.04531128e-01, 2.82222029e-03, 9.94517611e-01,
                                                                   -8.05896787e+00],
                                                                  [7.21524155e-02, 9.97339249e-01, -1.04139779e-02,
                                                                   2.96148753e-02],
                                                                  [-9.91900838e-01, 7.28454328e-02, 1.04049367e-01,
                                                                   -3.26056997e+00],
                                                                  [0.00000000e+00, 0.00000000e+00, 0.00000000e+00,
                                                                   1.00000000e+00]],
                         [[9.26799100e-02, 2.94336607e-03, 9.95691604e-01,
                           -8.16441393e+00],
                          [7.16942468e-02, 9.97380247e-01, -9.62172571e-03,
                           5.81736336e-03],
                          [-9.93111459e-01, 7.22771003e-02, 9.22260891e-02,
                           -3.34059652e+00],
                          [0.00000000e+00, 0.00000000e+00, 0.00000000e+00,
                           1.00000000e+00]], [[7.88173838e-02, 3.66868016e-03, 9.96882320e-01,
                                               -8.30537219e+00],
                                              [6.98165017e-02, 9.97517510e-01, -9.19098124e-03,
                                               -2.63665774e-02],
                                              [-9.94441288e-01, 7.03232454e-02, 7.83655860e-02,
                                               -3.40773964e+00],
                                              [0.00000000e+00, 0.00000000e+00, 0.00000000e+00,
                                               1.00000000e+00]], [[6.35919634e-02, 4.51102023e-03, 9.97965787e-01,
                                                                   -8.48516202e+00],
                                                                  [7.72110760e-02, 9.96970205e-01, -9.42653226e-03,
                                                                   3.30618347e-02],
                                                                  [-9.94984679e-01, 7.76534640e-02, 6.30509921e-02,
                                                                   -3.49401767e+00],
                                                                  [0.00000000e+00, 0.00000000e+00, 0.00000000e+00,
                                                                   1.00000000e+00]],
                         [[4.36059930e-02, 6.72490212e-03, 9.99026172e-01,
                           -8.72168776e+00],
                          [7.49445893e-02, 9.97137724e-01, -9.98340895e-03,
                           3.63482016e-02],
                          [-9.96233821e-01, 7.53069426e-02, 4.29771856e-02,
                           -3.53874187e+00],
                          [0.00000000e+00, 0.00000000e+00, 0.00000000e+00,
                           1.00000000e+00]], [[2.85472937e-02, 4.99626416e-03, 9.99579956e-01,
                                               -8.86661641e+00],
                                              [7.60050840e-02, 9.97081763e-01, -7.15442850e-03,
                                               3.09884963e-02],
                                              [-9.96698690e-01, 7.61773982e-02, 2.80842444e-02,
                                               -3.64081542e+00],
                                              [0.00000000e+00, 0.00000000e+00, 0.00000000e+00,
                                               1.00000000e+00]], [[1.60022302e-02, 6.55747965e-03, 9.99850453e-01,
                                                                   -8.99437427e+00],
                                                                  [6.96956448e-02, 9.97538909e-01, -7.65777204e-03,
                                                                   2.07314680e-02],
                                                                  [-9.97439946e-01, 6.98077634e-02, 1.55058194e-02,
                                                                   -3.74630199e+00],
                                                                  [0.00000000e+00, 0.00000000e+00, 0.00000000e+00,
                                                                   1.00000000e+00]],
                         [[9.46735768e-03, 7.56669632e-03, 9.99926554e-01,
                           -9.06945917e+00],
                          [6.55551075e-02, 9.97815492e-01, -8.17140062e-03,
                           -1.31830554e-02],
                          [-9.97804037e-01, 6.56276543e-02, 8.95064057e-03,
                           -3.87169556e+00],
                          [0.00000000e+00, 0.00000000e+00, 0.00000000e+00,
                           1.00000000e+00]], [[-1.23958111e-04, 9.59069961e-03, 9.99954000e-01,
                                               -9.13479333e+00],
                                              [7.01126709e-02, 9.97493283e-01, -9.55840709e-03,
                                               -7.01725993e-03],
                                              [-9.97539071e-01, 7.01082609e-02, -7.96076948e-04,
                                               -4.03404199e+00],
                                              [0.00000000e+00, 0.00000000e+00, 0.00000000e+00,
                                               1.00000000e+00]], [[2.24483842e-04, 8.96294783e-03, 9.99959807e-01,
                                                                   -9.20153923e+00],
                                                                  [6.63289909e-02, 9.97757595e-01, -8.95809911e-03,
                                                                   -4.16187039e-02],
                                                                  [-9.97797782e-01, 6.63283359e-02, -3.70522827e-04,
                                                                   -4.33589896e+00],
                                                                  [0.00000000e+00, 0.00000000e+00, 0.00000000e+00,
                                                                   1.00000000e+00]],
                         [[-8.60872219e-03, 7.65762937e-03, 9.99933623e-01,
                           -9.28324566e+00],
                          [5.93463456e-02, 9.98211964e-01, -7.13351455e-03,
                           -1.14041854e-01],
                          [-9.98200331e-01, 5.92809959e-02, -9.04778180e-03,
                           -4.49863410e+00],
                          [0.00000000e+00, 0.00000000e+00, 0.00000000e+00,
                           1.00000000e+00]], [[-9.70811948e-03, 2.90787013e-03, 9.99948647e-01,
                                               -9.32623717e+00],
                                              [5.92335850e-02, 9.98241436e-01, -2.32782927e-03,
                                               -1.97783878e-01],
                                              [-9.98196942e-01, 5.92079443e-02, -9.86329070e-03,
                                               -4.74179369e+00],
                                              [0.00000000e+00, 0.00000000e+00, 0.00000000e+00,
                                               1.00000000e+00]], [[-1.07440303e-02, -1.40129013e-03, 9.99941299e-01,
                                                                   -9.39240056e+00],
                                                                  [6.36724551e-02, 9.97968677e-01, 2.08266470e-03,
                                                                   -2.43610963e-01],
                                                                  [-9.97913014e-01, 6.36910937e-02, -1.06329822e-02,
                                                                   -5.01089611e+00],
                                                                  [0.00000000e+00, 0.00000000e+00, 0.00000000e+00,
                                                                   1.00000000e+00]],
                         [[-1.46640086e-02, -2.93448961e-03, 9.99888172e-01,
                           -9.53237686e+00],
                          [6.14567333e-02, 9.98102398e-01, 3.83055155e-03,
                           -3.09875690e-01],
                          [-9.98002022e-01, 6.15060319e-02, -1.44558380e-02,
                           -5.27423809e+00],
                          [0.00000000e+00, 0.00000000e+00, 0.00000000e+00,
                           1.00000000e+00]], [[-2.32338691e-02, -2.43686390e-03, 9.99727087e-01,
                                               -9.66956209e+00],
                                              [6.58883210e-02, 9.97819132e-01, 3.96347173e-03,
                                               -2.68707115e-01],
                                              [-9.97556473e-01, 6.59624260e-02, -2.30226382e-02,
                                               -5.45783707e+00],
                                              [0.00000000e+00, 0.00000000e+00, 0.00000000e+00,
                                               1.00000000e+00]], [[-2.97239532e-02, -3.07785094e-04, 9.99558098e-01,
                                                                   -9.75023907e+00],
                                                                  [5.74962192e-02, 9.98343686e-01, 2.01718163e-03,
                                                                   -2.96874605e-01],
                                                                  [-9.97903137e-01, 5.75307701e-02, -2.96570245e-02,
                                                                   -5.62878906e+00],
                                                                  [0.00000000e+00, 0.00000000e+00, 0.00000000e+00,
                                                                   1.00000000e+00]]])
    poses = []
    for matrix in matrices:
        R = matrix[:3, :3]
        t = matrix[:3, 3]
        poses.append(-np.dot(R.T, t))

    return np.array(poses)

